
Instruction 0: 0x00100137 (0000 0000 0001 0000 0000 0001 0011 0111)
Instruction 1: 0x07C000EF (0000 0111 1100 0000 0000 0000 1110 1111)
Instruction 2: 0x00050593 (0000 0000 0000 0101 0000 0101 1001 0011)
Instruction 3: 0x00A00893 (0000 0000 1010 0000 0000 1000 1001 0011)
Instruction 4: 0x00000073 (0000 0000 0000 0000 0000 0000 0111 0011)
Instruction 5: 0xFD010113 (1111 1101 0000 0001 0000 0001 0001 0011)
Instruction 6: 0x02812623 (0000 0010 1000 0001 0010 0110 0010 0011)
Instruction 7: 0x03010413 (0000 0011 0000 0001 0000 0100 0001 0011)
Instruction 8: 0xFCA42E23 (1111 1100 1010 0100 0010 1110 0010 0011)
Instruction 9: 0xFCB42C23 (1111 1100 1011 0100 0010 1100 0010 0011)
Instruction 10: 0xFE042623 (1111 1110 0000 0100 0010 0110 0010 0011)
Instruction 11: 0xFE042423 (1111 1110 0000 0100 0010 0100 0010 0011)
Instruction 12: 0x0300006F (0000 0011 0000 0000 0000 0000 0110 1111)
Instruction 13: 0xFE842783 (1111 1110 1000 0100 0010 0111 1000 0011)
Instruction 14: 0x00279793 (0000 0000 0010 0111 1001 0111 1001 0011)
Instruction 15: 0xFDC42703 (1111 1101 1100 0100 0010 0111 0000 0011)
Instruction 16: 0x00F707B3 (0000 0000 1111 0111 0000 0111 1011 0011)
Instruction 17: 0x0007A783 (0000 0000 0000 0111 1010 0111 1000 0011)
Instruction 18: 0xFEC42703 (1111 1110 1100 0100 0010 0111 0000 0011)
Instruction 19: 0x00F707B3 (0000 0000 1111 0111 0000 0111 1011 0011)
Instruction 20: 0xFEF42623 (1111 1110 1111 0100 0010 0110 0010 0011)
Instruction 21: 0xFE842783 (1111 1110 1000 0100 0010 0111 1000 0011)
Instruction 22: 0x00178793 (0000 0000 0001 0111 1000 0111 1001 0011)
Instruction 23: 0xFEF42423 (1111 1110 1111 0100 0010 0100 0010 0011)
Instruction 24: 0xFE842703 (1111 1110 1000 0100 0010 0111 0000 0011)
Instruction 25: 0xFD842783 (1111 1101 1000 0100 0010 0111 1000 0011)
Instruction 26: 0xFCF746E3 (1111 1100 1111 0111 0100 0110 1110 0011)
Instruction 27: 0xFEC42783 (1111 1110 1100 0100 0010 0111 1000 0011)
Instruction 28: 0x00078513 (0000 0000 0000 0111 1000 0101 0001 0011)
Instruction 29: 0x02C12403 (0000 0010 1100 0001 0010 0100 0000 0011)
Instruction 30: 0x03010113 (0000 0011 0000 0001 0000 0001 0001 0011)
Instruction 31: 0x00008067 (0000 0000 0000 0000 1000 0000 0110 0111)
Instruction 32: 0xFE010113 (1111 1110 0000 0001 0000 0001 0001 0011)
Instruction 33: 0x00112E23 (0000 0000 0001 0001 0010 1110 0010 0011)
Instruction 34: 0x00812C23 (0000 0000 1000 0001 0010 1100 0010 0011)
Instruction 35: 0x00912A23 (0000 0000 1001 0001 0010 1010 0010 0011)
Instruction 36: 0x02010413 (0000 0010 0000 0001 0000 0100 0001 0011)
Instruction 37: 0x00010313 (0000 0000 0000 0001 0000 0011 0001 0011)
Instruction 38: 0x00030493 (0000 0000 0000 0011 0000 0100 1001 0011)
Instruction 39: 0x06400313 (0000 0110 0100 0000 0000 0011 0001 0011)
Instruction 40: 0xFE642423 (1111 1110 0110 0100 0010 0100 0010 0011)
Instruction 41: 0xFE842303 (1111 1110 1000 0100 0010 0011 0000 0011)
Instruction 42: 0xFFF30E13 (1111 1111 1111 0011 0000 1110 0001 0011)
Instruction 43: 0xFFC42223 (1111 1111 1100 0100 0010 0010 0010 0011)
Instruction 44: 0x00030E13 (0000 0000 0000 0011 0000 1110 0001 0011)
Instruction 45: 0x000E0813 (0000 0000 0000 1110 0000 1000 0001 0011)
Instruction 46: 0x00000893 (0000 0000 0000 0000 0000 1000 1001 0011)
Instruction 47: 0x01B85E13 (0000 0001 1011 1000 0101 1110 0001 0011)
Instruction 48: 0x00589693 (0000 0000 0101 1000 1001 0110 1001 0011)
Instruction 49: 0x00DE66B3 (0000 0000 1101 1110 0110 0110 1011 0011)
Instruction 50: 0x00581613 (0000 0000 0101 1000 0001 0110 0001 0011)
Instruction 51: 0x00030693 (0000 0000 0000 0011 0000 0110 1001 0011)
Instruction 52: 0x00068513 (0000 0000 0000 0110 1000 0101 0001 0011)
Instruction 53: 0x00000593 (0000 0000 0000 0000 0000 0101 1001 0011)
Instruction 54: 0x01B55693 (0000 0001 1011 0101 0101 0110 1001 0011)
Instruction 55: 0x00559793 (0000 0000 0101 0101 1001 0111 1001 0011)
Instruction 56: 0x00F6E7B3 (0000 0000 1111 0110 1110 0111 1011 0011)
Instruction 57: 0x00551713 (0000 0000 0101 0101 0001 0111 0001 0011)
Instruction 58: 0x00030793 (0000 0000 0000 0011 0000 0111 1001 0011)
Instruction 59: 0x00279793 (0000 0000 0010 0111 1001 0111 1001 0011)
Instruction 60: 0x00F78793 (0000 0000 1111 0111 1000 0111 1001 0011)
Instruction 61: 0x0047D793 (0000 0000 0100 0111 1101 0111 1001 0011)
Instruction 62: 0x00479793 (0000 0000 0100 0111 1001 0111 1001 0011)
Instruction 63: 0x40F10133 (0100 0000 1111 0001 0000 0001 0011 0011)
Instruction 64: 0x00010793 (0000 0000 0000 0001 0000 0111 1001 0011)
Instruction 65: 0x00378793 (0000 0000 0011 0111 1000 0111 1001 0011)
Instruction 66: 0x0027D793 (0000 0000 0010 0111 1101 0111 1001 0011)
Instruction 67: 0x00279793 (0000 0000 0010 0111 1001 0111 1001 0011)
Instruction 68: 0xFEF42023 (1111 1110 1111 0100 0010 0000 0010 0011)
Instruction 69: 0xFE042623 (1111 1110 0000 0100 0010 0110 0010 0011)
Instruction 70: 0x0280006F (0000 0010 1000 0000 0000 0000 0110 1111)
Instruction 71: 0xFE042703 (1111 1110 0000 0100 0010 0111 0000 0011)
Instruction 72: 0xFEC42783 (1111 1110 1100 0100 0010 0111 1000 0011)
Instruction 73: 0x00279793 (0000 0000 0010 0111 1001 0111 1001 0011)
Instruction 74: 0x00F707B3 (0000 0000 1111 0111 0000 0111 1011 0011)
Instruction 75: 0xFEC42703 (1111 1110 1100 0100 0010 0111 0000 0011)
Instruction 76: 0x00E7A023 (0000 0000 1110 0111 1010 0000 0010 0011)
Instruction 77: 0xFEC42783 (1111 1110 1100 0100 0010 0111 1000 0011)
Instruction 78: 0x00178793 (0000 0000 0001 0111 1000 0111 1001 0011)
Instruction 79: 0xFEF42623 (1111 1110 1111 0100 0010 0110 0010 0011)
Instruction 80: 0xFEC42703 (1111 1110 1100 0100 0010 0111 0000 0011)
Instruction 81: 0xFE842783 (1111 1110 1000 0100 0010 0111 1000 0011)
Instruction 82: 0xFCF74AE3 (1111 1100 1111 0111 0100 1010 1110 0011)
Instruction 83: 0xFE842583 (1111 1110 1000 0100 0010 0101 1000 0011)
Instruction 84: 0xFE042503 (1111 1110 0000 0100 0010 0101 0000 0011)
Instruction 85: 0xEC1FF0EF (1110 1100 0001 1111 1111 0000 1110 1111)
Instruction 86: 0x00050793 (0000 0000 0000 0101 0000 0111 1001 0011)
Instruction 87: 0x00048113 (0000 0000 0000 0100 1000 0001 0001 0011)
Instruction 88: 0x00078513 (0000 0000 0000 0111 1000 0101 0001 0011)
Instruction 89: 0xFE040113 (1111 1110 0000 0100 0000 0001 0001 0011)
Instruction 90: 0x01C12083 (0000 0001 1100 0001 0010 0000 1000 0011)
Instruction 91: 0x01812403 (0000 0001 1000 0001 0010 0100 0000 0011)
Instruction 92: 0x01412483 (0000 0001 0100 0001 0010 0100 1000 0011)
Instruction 93: 0x02010113 (0000 0010 0000 0001 0000 0001 0001 0011)
Instruction 94: 0x00008067 (0000 0000 0000 0000 1000 0000 0110 0111)
Program loaded into memory. Total instructions: 95
Instruction: 0x00100137